3 4 4 5 5 5 5 5 6 6 4 5 4 3 6 6 4.94444444444444 5.66666666666667 4.81818181818182 4.125 4.7 2 2
6 6 4 7 7 4 6 4 1 7 2 7 1 4 6 2 3.66666666666667 4.66666666666667 3.91666666666667 6.375 5.7 3 2
1 1 1 3 5 3 1 1 1 5 1 2 1 7 2 1 3 5.33333333333333 4.41666666666667 5.5 3.25 1 1
7 7 6 7 7 2 4 3 7 7 6 6 5 6 2 4 4.38888888888889 6.11111111111111 4.91666666666667 7 3.25 3 2
6 7 6 7 7 6 7 4 7 6 6 6 6 7 7 7 3.72222222222222 6.11111111111111 2.66666666666667 5.875 4.3 1 1
5 5 4 3 4 4 4 3 3 3 3 4 3 2 5 5 4.05555555555556 4.66666666666667 3.5 4.75 3.5 3 1
6 6 7 6 6 3 6 2 7 7 6 6 2 3 7 7 3.88888888888889 7 3.5 6 3.55 2 1
7 7 5 3 7 1 1 2 7 4 4 6 6 2 7 6 4.55555555555556 6.11111111111111 4.75 5.5 3.15 1 1
7 4 3 5 7 3 2 4 6 5 5 7 5 4 7 5 3.83333333333333 6.44444444444444 4.41666666666667 6 3.5 1 1
6 5 5 6 5 6 6 6 7 7 6 6 6 5 6 6 5.44444444444444 5.77777777777778 4.75 6.25 5 3 2
6 7 4 7 7 6 7 7 7 6 7 7 5 3 6 3 5.55555555555556 5.33333333333333 5.83333333333333 5.75 4.2 3 1
6 7 5 6 7 5 6 6 6 6 4 5 5 4 5 5 4.66666666666667 5.22222222222222 4.41666666666667 5.625 3.6 2 1
6 7 6 7 6 6 7 7 7 6 6 7 3 2 7 7 5.5 6.11111111111111 4.58333333333333 6.5 4.65 3 1
5 4 5 6 5 4 4 6 6 4 5 5 5 4 3 6 5 6.55555555555556 4.91666666666667 7 3.9 3 1
7 7 5 6 6 6 7 6 4 6 5 7 7 6 6 7 5.16666666666667 4.66666666666667 4 -77 3.05 3 2
4 1 1 7 7 6 7 1 2 7 4 6 3 1 3 5 2.22222222222222 3.66666666666667 4 4.125 2.85 1 1
4 4 6 6 4 6 6 2 5 5 2 3 4 2 2 3 3.72222222222222 6.33333333333333 3.83333333333333 6.25 4.55 1 2
5 6 3 7 6 3 6 3 4 3 7 6 3 3 6 7 4.16666666666667 4.55555555555556 4.08333333333333 5.375 2.25 3 2
5 3 3 2 5 2 2 1 2 2 2 3 4 5 4 2 3.55555555555556 5.44444444444444 3.5 5.875 3 2 1
6 5 5 5 5 4 5 5 5 5 5 5 5 5 4 4 5.66666666666667 5.55555555555556 4.08333333333333 5.5 2.75 2 2
4 6 4 5 7 4 6 6 6 6 4 5 3 2 7 7 4.44444444444444 5 4.66666666666667 5.5 3.5 3 1
7 5 5 3 7 5 5 4 7 3 5 7 3 4 6 6 4.77777777777778 5.33333333333333 5.08333333333333 6.75 3.15 1 1
7 5 3 6 6 4 6 5 6 7 6 5 4 4 6 5 4.22222222222222 6.11111111111111 5.33333333333333 6.125 3.65 1 2
3 3 3 6 5 4 3 2 6 5 6 4 3 3 3 3 3.94444444444444 5.33333333333333 4.33333333333333 4.125 3.15 3 2
7 4 1 4 7 4 4 4 7 7 7 2 6 6 2 2 4.38888888888889 6.22222222222222 3.91666666666667 4.75 4.1 3 2
6 5 3 5 5 3 5 2 5 5 7 5 3 3 5 5 4.11111111111111 5.11111111111111 3.91666666666667 5.875 4.05 3 1
3 6 4 6 7 5 6 2 5 6 2 6 3 6 6 6 4.16666666666667 6 4.33333333333333 6.875 3.55 2 1
3 3 3 3 2 3 5 5 6 1 5 5 2 2 3 3 3.5 5.66666666666667 4.41666666666667 5.125 4.75 3 1
6 2 1 1 2 1 3 1 3 4 3 1 6 2 7 1 4 4.44444444444444 5.16666666666667 5.5 3.45 1 1
6 4 4 2 2 1 2 1 2 3 1 2 5 1 6 7 4.38888888888889 5.22222222222222 4.58333333333333 6 3.95 1 1
6 4 5 6 6 3 4 5 6 6 6 6 5 5 3 3 4.83333333333333 5.77777777777778 5 5.125 3.6 2 1
3 5 3 3 4 3 5 3 7 5 5 3 5 3 7 7 3.94444444444444 5.11111111111111 5.16666666666667 -77 3.45 3 1
6 5 5 6 6 5 5 6 6 6 6 6 4 4 6 4 5.22222222222222 5.22222222222222 5.33333333333333 5.25 3.9 3 2
5 3 3 4 5 5 5 5 5 4 6 3 5 3 6 3 3.77777777777778 5.22222222222222 4.08333333333333 5.5 3.4 3 1
5 4 4 5 6 3 5 4 4 5 5 3 5 4 5 5 4.61111111111111 4.44444444444444 4.33333333333333 5.125 4.1 2 2
5 6 5 5 4 4 5 3 5 4 3 5 3 4 7 4 4.55555555555556 5.77777777777778 5.08333333333333 6.75 3.45 2 1
7 6 4 2 5 3 5 5 6 6 7 6 4 4 6 6 6.05555555555556 5.11111111111111 3.66666666666667 5.125 2.75 3 1
3 5 2 6 3 4 4 4 5 5 2 3 3 3 2 3 2.94444444444444 5 4.16666666666667 5.125 2.9 2 1
6 4 6 5 5 5 6 6 6 5 6 5 2 3 5 5 5.38888888888889 6.22222222222222 5.66666666666667 6 2.5 3 1
6 6 6 6 7 3 6 5 6 6 5 6 6 6 6 5 5.5 5.88888888888889 4.75 6.25 3.65 3 1
6 5 5 7 6 7 7 6 7 6 6 7 5 4 7 7 5.5 6 5.25 6.375 3.9 1 1
3 4 4 7 6 2 4 3 6 4 4 5 1 2 7 7 3.83333333333333 5 4.5 5.75 3.7 2 1
4 4 4 4 4 4 4 4 7 4 7 7 4 4 6 6 4.77777777777778 5.66666666666667 4.75 7 4.05 2 1
5 3 3 7 6 5 5 5 7 7 7 5 3 3 7 5 5.05555555555556 6.44444444444444 5.5 6.375 3.8 3 1
5 5 4 3 6 2 3 2 3 4 4 3 5 5 2 2 4.61111111111111 6 5.33333333333333 4.875 3.9 2 2
5 1 5 6 7 5 3 2 5 5 3 7 2 2 5 3 3.88888888888889 2.22222222222222 5 4.625 3.95 1 1
1 1 1 7 1 7 7 7 7 5 1 7 1 1 5 5 2.38888888888889 6 3.33333333333333 6 3.5 1 1
6 6 5 3 6 6 6 3 2 7 6 6 6 5 7 4 4.11111111111111 6.33333333333333 4.41666666666667 5.875 5 3 2
5 2 4 4 2 2 3 1 5 3 2 3 3 3 7 7 3.94444444444444 4 4.66666666666667 4.125 2.65 2 1
5 5 2 6 6 4 4 1 4 3 3 3 4 2 5 2 3.38888888888889 3.66666666666667 4.83333333333333 4.875 3.25 2 1
6 5 6 5 5 1 6 2 6 4 3 4 3 5 2 3 5.11111111111111 3.77777777777778 4.5 5.875 4 2 2
6 4 3 3 6 3 4 2 5 4 5 4 3 3 5 5 3.94444444444444 4.33333333333333 5.16666666666667 5 2.95 2 2
5 3 3 4 5 6 5 3 3 3 3 3 3 5 5 5 5.05555555555556 6.44444444444444 5.25 5.375 3.8 3 1
6 6 5 6 7 4 6 6 7 7 7 6 4 5 6 6 4.33333333333333 5.33333333333333 4.25 5.5 3.8 2 2
5 6 4 6 5 4 6 6 6 6 6 6 5 2 5 3 3.94444444444444 4.66666666666667 4.5 3.625 4.25 3 1
7 2 3 2 7 2 7 3 7 6 4 6 6 3 6 6 4.72222222222222 4.44444444444444 4.33333333333333 5.625 4.35 3 1
5 2 2 6 4 3 4 3 4 5 5 6 1 1 5 2 4.27777777777778 5.66666666666667 5.16666666666667 5.625 2.3 3 1
7 6 3 6 6 6 5 6 7 6 6 7 6 4 7 5 5.16666666666667 4.66666666666667 5 6.75 2.55 3 2
6 5 3 2 7 1 6 2 7 4 2 2 4 4 4 7 3.72222222222222 5.88888888888889 5.66666666666667 -77 3.2 3 2
6 5 3 3 5 2 4 6 6 5 7 6 4 4 6 4 5 5 5.5 6.625 3.2 2 2
7 1 1 7 7 4 4 1 4 4 4 4 4 4 7 1 6.11111111111111 5.66666666666667 5.58333333333333 4.375 4.2 3 1
6 5 5 6 6 6 4 6 6 3 5 6 5 5 6 6 5.83333333333333 6.77777777777778 4.41666666666667 6.75 4.2 3 1
5 5 3 6 6 4 3 5 6 5 6 6 4 2 6 6 5.33333333333333 5.88888888888889 4.91666666666667 5.375 5.95 3 1
3 4 4 5 3 4 4 4 4 5 4 4 2 1 4 4 3.72222222222222 3.33333333333333 5.16666666666667 4.25 3.4 1 1
4 6 5 7 7 5 3 7 7 4 3 4 2 1 7 7 5.22222222222222 6.44444444444444 4.33333333333333 5.75 3.45 2 1
4 2 2 1 6 4 4 1 6 7 2 4 3 1 6 2 3.44444444444444 3.77777777777778 4.91666666666667 4.875 3 1 1
1 1 2 2 4 6 2 2 2 4 2 4 4 2 6 3 3.88888888888889 6.33333333333333 4.58333333333333 6.25 3.2 2 1
6 5 5 6 5 5 5 6 5 6 5 6 5 5 6 5 5.61111111111111 5.66666666666667 5.25 -77 3.9 3 2
5 3 3 5 4 5 3 4 6 2 5 3 2 2 2 4 5.94444444444444 4.11111111111111 5.66666666666667 6.125 2.8 2 1
4 4 4 4 4 3 4 4 7 3 6 4 4 4 4 4 3.5 6.33333333333333 4.5 5 4.1 3 2
5 7 5 6 6 4 7 3 4 7 4 7 5 1 6 5 3.33333333333333 5.88888888888889 3.66666666666667 6.875 3.55 1 1
5 5 4 3 4 2 2 3 5 6 2 5 4 4 5 6 4.72222222222222 5.77777777777778 4.66666666666667 5.25 4.45 2 1
7 7 6 7 7 7 7 7 7 7 7 7 6 7 7 7 5.22222222222222 5.22222222222222 6.16666666666667 -77 3.8 3 2
7 7 7 6 7 6 7 7 7 4 7 5 6 5 7 7 4.16666666666667 6.22222222222222 5.83333333333333 6.875 3.05 2 1
7 2 1 6 7 7 4 7 1 7 1 6 7 5 1 7 3.88888888888889 3.22222222222222 5.08333333333333 6.625 3.65 3 1
6 4 5 6 5 6 6 4 6 6 6 6 4 2 3 2 3.88888888888889 5.66666666666667 4.5 5 3.95 3 2
5 5 3 6 5 4 3 4 4 2 5 2 3 4 6 6 3.38888888888889 4.77777777777778 4.66666666666667 5.5 3.4 2 2
7 4 3 5 7 7 7 7 7 7 7 7 5 1 7 6 4.88888888888889 6.55555555555556 6.33333333333333 7 3.55 2 1
5 6 4 6 6 3 3 4 6 3 2 3 3 2 3 3 2.77777777777778 5.77777777777778 4.16666666666667 5.375 3.7 2 2
4 1 2 4 5 3 3 4 5 2 6 3 2 2 5 5 4.44444444444444 4.33333333333333 5.5 4.875 3 2 1
5 4 5 5 7 6 4 3 4 4 3 5 4 3 5 4 4.16666666666667 5.55555555555556 5.16666666666667 6.375 2.95 2 1
5 7 5 7 6 4 7 7 7 4 3 5 4 4 6 4 4.11111111111111 4.33333333333333 5.66666666666667 5.375 3.65 3 1
2 2 2 2 6 3 3 2 3 2 3 2 2 2 2 2 3.38888888888889 3.77777777777778 4.33333333333333 5.5 2.35 2 1
3 3 3 7 5 6 3 3 2 3 3 5 3 3 5 5 3.55555555555556 5.77777777777778 3.75 4.875 3.55 3 2
6 6 5 6 7 5 6 5 6 6 6 6 6 3 7 6 5.44444444444444 6.11111111111111 5.91666666666667 6.125 2.5 3 1
5 6 5 3 5 5 6 6 6 5 5 6 5 6 5 5 5 5.33333333333333 5.33333333333333 5.75 4.6 2 1
6 6 2 5 7 7 6 3 7 5 7 7 2 3 5 2 4.5 5.11111111111111 5.75 5 3.05263157894737 1 1
6 4 4 4 2 4 4 2 7 7 2 7 3 2 5 5 4.88888888888889 5.33333333333333 4.58333333333333 5.625 4.6 3 1
6 4 6 3 6 5 5 5 4 5 6 6 4 4 5 5 5.16666666666667 4.11111111111111 4.91666666666667 4.875 4.15 3 2
5 5 3 5 3 1 4 4 6 3 3 1 1 1 5 4 2.88888888888889 6.33333333333333 3.58333333333333 6.625 3.4 1 2
7 6 5 6 6 3 6 6 4 5 6 4 2 2 5 2 5.72222222222222 6.77777777777778 5 6.25 4.85 3 1
6 6 6 7 6 4 7 7 7 7 7 7 6 6 5 5 5.55555555555556 5.66666666666667 4.91666666666667 6 4.05 3 1
6 3 3 4 4 3 5 4 3 4 4 4 3 3 6 5 4.27777777777778 4.22222222222222 5.5 6.25 3.4 2 2
6 4 3 2 6 4 6 3 6 6 4 6 1 4 3 2 4.88888888888889 6.22222222222222 5.25 6.625 3.25 2 1
6 4 2 2 4 2 6 4 6 4 5 6 5 4 6 6 5.11111111111111 5.11111111111111 5.33333333333333 4.625 3.5 2 1
6 1 1 7 1 4 4 3 7 6 4 7 2 1 7 7 3.72222222222222 5.33333333333333 5.08333333333333 5.625 2.2 2 2
5 1 3 3 6 2 3 2 5 3 3 6 2 2 2 2 4.11111111111111 5.22222222222222 4.58333333333333 4.625 4.2 3 1
6 2 6 6 2 7 6 6 7 7 6 1 2 2 7 7 5.33333333333333 6.44444444444444 4 5.5 3.95 1 2
6 6 6 7 7 4 6 5 6 6 3 6 5 6 6 6 5 6.88888888888889 4.66666666666667 6.5 3.6 3 1
7 7 6 7 7 6 6 5 7 7 7 6 5 5 6 7 6.33333333333333 6.22222222222222 5.41666666666667 6.625 4.05 2 1
7 6 4 6 7 6 6 5 6 6 6 6 5 4 7 6 5.61111111111111 5.88888888888889 4 6.75 2.4 3 1
5 2 2 5 6 4 5 3 5 7 4 4 1 2 6 5 3.94444444444444 5 5 5.25 4.5 1 1
5 3 3 4 3 5 5 5 7 6 6 7 5 2 7 7 4.27777777777778 5.77777777777778 4.25 6.25 3.2 1 2
3 2 2 7 1 5 5 4 4 5 5 6 1 2 3 3 4.38888888888889 2.88888888888889 3.91666666666667 3.5 4.35 1 2
7 7 6 6 7 6 7 2 7 6 7 3 5 4 7 6 5.05555555555556 5.22222222222222 6 7 2.5 3 2
5 2 3 7 7 4 6 4 7 6 7 6 3 5 6 4 5.05555555555556 5.22222222222222 5.33333333333333 6.375 3.35 3 1
6 5 5 5 6 4 6 6 6 6 6 6 6 5 6 5 4.66666666666667 4.88888888888889 4.91666666666667 5.5 4.4 3 1
6 6 5 7 7 4 6 5 7 7 7 4 1 4 7 7 4.38888888888889 4.88888888888889 5 6.5 3.7 1 1
7 4 5 6 6 4 5 2 7 6 7 3 3 1 3 2 4.55555555555556 3.88888888888889 5.08333333333333 6.5 2.6 3 2
7 6 6 6 6 6 7 5 7 7 6 5 5 4 7 6 4.94444444444444 6.22222222222222 4.83333333333333 6.125 3.85 2 1
5 2 5 6 6 6 2 5 5 2 5 3 3 3 3 2 4.83333333333333 5.22222222222222 5.5 5.625 2.15 3 1
6 4 3 3 2 6 6 3 7 6 7 6 4 3 6 7 5.66666666666667 5.77777777777778 6 5.75 5.45 2 1
6 6 5 6 6 5 6 6 6 6 6 6 6 5 6 6 5.5 5.88888888888889 5.16666666666667 6.375 4.2 3 1
6 2 2 6 5 6 6 5 6 6 4 6 5 5 6 6 4.83333333333333 4.22222222222222 4.91666666666667 5.75 3.8 3 1
5 3 4 5 7 6 6 3 6 5 4 6 2 3 6 6 3.77777777777778 5.66666666666667 3.66666666666667 5.875 3.45 1 1
3 2 2 6 6 6 2 2 4 5 4 4 5 3 5 5 4.22222222222222 5 5.66666666666667 5.875 3.35 1 1
7 4 3 6 7 5 6 2 7 7 7 7 6 6 7 6 4.77777777777778 5.66666666666667 5.16666666666667 6.625 4.25 1 2
6 7 2 6 7 4 6 6 7 6 6 6 3 4 7 7 5.27777777777778 5.88888888888889 4.5 6.375 3.8 2 2
7 6 5 6 7 2 7 7 7 7 7 7 6 6 7 7 4.83333333333333 5.88888888888889 5.16666666666667 6.625 4.4 1 2
5 4 6 3 5 4 4 5 6 4 5 6 3 4 6 4 4.94444444444444 5.11111111111111 5.33333333333333 6 4.65 3 2
4 4 4 4 4 4 4 4 6 5 4 5 4 5 4 3 5.33333333333333 4.33333333333333 5.08333333333333 4.625 4.05 2 1
5 5 5 5 5 3 5 5 5 3 5 5 5 5 5 5 5.33333333333333 5.44444444444444 5 6 3.65 2 1
5 4 3 4 5 5 5 3 5 4 5 5 5 4 6 5 4.77777777777778 4.66666666666667 4.83333333333333 5.625 3.9 2 1
6 6 6 4 1 2 7 7 7 7 7 7 4 4 7 7 6.22222222222222 5.66666666666667 6.25 6.625 4.4 3 1
7 6 5 7 6 4 7 7 7 7 7 7 7 2 6 6 6.27777777777778 5.22222222222222 5.83333333333333 7 3.8 3 1
6 6 6 7 7 5 6 5 7 6 6 7 5 6 7 6 4.94444444444444 6 5.66666666666667 6.625 3.55 3 1
6 4 4 6 7 3 6 6 1 6 6 7 6 4 7 6 5.61111111111111 3.44444444444444 6.08333333333333 6.125 2.65 3 1
6 6 5 6 6 4 6 6 6 6 6 6 5 2 5 5 4.72222222222222 3.77777777777778 5.33333333333333 5.875 3.65 3 2
5 5 4 6 6 5 5 6 7 6 7 7 5 6 7 7 5.27777777777778 4.88888888888889 5.5 6.25 4.5 2 1
5 6 6 6 7 4 6 4 7 4 5 5 5 5 7 6 5.38888888888889 5.11111111111111 6.33333333333333 6.625 3.65 2 1
7 4 1 4 7 4 6 4 6 4 4 4 3 2 4 5 4.83333333333333 4 6.16666666666667 6 3.25 2 2
5 6 2 7 7 4 6 4 7 4 6 7 4 1 4 4 3.83333333333333 5 5.33333333333333 6.125 2.65 3 1
5 5 3 4 6 1 5 4 3 5 4 3 2 3 5 6 4.72222222222222 5 5.33333333333333 5.5 2.7 2 1
7 7 7 2 6 5 6 2 7 2 7 6 6 6 7 6 5.27777777777778 5.77777777777778 6.08333333333333 -77 3.6 3 1
7 6 4 7 7 5 5 4 7 6 6 7 3 2 5 6 5 6.11111111111111 5.25 5.75 3.65 3 1
7 6 6 7 6 3 4 3 6 6 4 6 4 4 6 5 3.83333333333333 5.33333333333333 5.66666666666667 5.875 3.85 2 1
6 6 4 6 5 6 6 6 7 6 6 6 3 4 6 3 4.5 5.66666666666667 4.41666666666667 5.75 3.6 2 1
7 1 4 7 6 7 7 7 7 7 7 7 6 4 7 7 5.38888888888889 3.66666666666667 5.91666666666667 7 2.4 3 2
1 3 5 1 5 6 6 4 2 2 4 6 2 4 2 2 3.77777777777778 1 4.33333333333333 4.5 3.9 1 2
6 5 3 6 6 3 5 6 7 6 6 6 5 3 6 7 4.05555555555556 5.77777777777778 5.33333333333333 5.875 4.05 2 2
5 6 5 5 6 2 4 3 6 3 3 6 5 4 2 2 4.5 5.55555555555556 4.75 5.625 2.3 1 2
6 6 6 6 6 3 6 6 4 6 6 6 5 5 6 6 4.94444444444444 4.88888888888889 5.91666666666667 5.75 2.8 2 2
1 2 1 3 6 4 2 2 7 6 6 7 2 1 5 6 3.38888888888889 5 5 3.625 3.3 1 2
2 1 6 5 7 4 4 3 5 2 7 5 2 1 7 7 5.33333333333333 6.66666666666667 4.58333333333333 6.375 2.45 2 1
7 5 3 5 5 7 6 6 6 6 6 6 5 4 6 6 5.16666666666667 5 5 5.875 3.85 3 2
5 6 5 7 6 3 6 6 7 6 6 6 4 4 4 6 4.05555555555556 4.22222222222222 4.41666666666667 6 4.2 3 2
5 4 5 6 6 4 5 6 7 5 5 6 3 4 7 7 5.5 6.22222222222222 5.75 4.875 2.3 2 1
6 2 1 2 3 1 4 6 7 2 7 7 1 1 2 3 4.44444444444444 3.77777777777778 6.25 7 3.1 2 1
7 7 4 7 7 4 7 6 7 7 7 7 3 4 7 7 6.05555555555556 6.11111111111111 5.58333333333333 6.75 2.9 3 1
3 3 3 3 6 2 3 3 5 2 7 4 2 2 7 7 2.5 5.66666666666667 4.83333333333333 5.875 2.65 2 1
5 2 2 6 7 5 6 4 4 7 2 7 6 4 6 7 3.66666666666667 5.44444444444444 6.09090909090909 5.125 3.5 3 1
5 2 3 4 5 4 5 4 6 3 3 5 3 3 6 5 5.5 3.66666666666667 6.33333333333333 6.125 2.45 2 1
6 6 5 6 7 3 7 6 7 6 6 7 5 5 5 6 5.83333333333333 6.33333333333333 4.75 6.875 3.3 3 1
6 5 4 5 5 4 5 3 4 5 4 6 5 4 7 7 3.88888888888889 3.33333333333333 4.58333333333333 5.625 3.4 2 2
6 5 5 6 6 3 6 3 6 6 5 5 5 5 6 5 5.27777777777778 5.22222222222222 5.16666666666667 5.625 3.25 3 1
6 6 5 7 7 7 6 7 7 7 7 7 5 5 6 6 5.66666666666667 5.33333333333333 6.5 6.25 4.1 3 1
7 4 2 5 4 4 4 3 5 6 3 5 6 5 7 7 3.44444444444444 4.22222222222222 4.5 5.375 3.55 2 2
6 4 4 7 7 2 5 5 7 6 7 7 5 5 6 6 5.55555555555556 4 6.08333333333333 6.5 3.15 3 2
6 5 2 5 7 2 3 6 4 2 7 3 1 1 6 6 4.61111111111111 5.33333333333333 6.25 2 3.2 3 2
5 3 2 3 2 4 5 3 5 5 4 4 3 3 6 5 3.72222222222222 5.33333333333333 5.33333333333333 4.625 4.85 3 1
6 5 4 6 5 3 6 6 7 6 2 6 5 6 6 6 4.83333333333333 5.33333333333333 5.91666666666667 5.875 2.55 2 1
7 5 4 4 5 4 4 4 7 6 4 4 6 4 7 7 5.22222222222222 6.11111111111111 5.08333333333333 6.375 4.35 3 2
5 5 5 6 5 6 6 4 6 6 6 6 4 4 6 6 5.33333333333333 6 5 5 4.4 3 1
7 7 4 7 6 5 7 6 7 6 7 7 4 6 6 5 5.72222222222222 5.11111111111111 4.91666666666667 -77 3.9 3 2
7 7 4 6 5 4 7 4 7 7 7 7 5 3 7 6 4.66666666666667 5.33333333333333 6.16666666666667 6.125 4.2 3 2
6 4 3 6 5 3 5 5 6 3 6 4 5 3 3 3 4.27777777777778 5.33333333333333 4.91666666666667 5.75 3.2 2 2
6 4 6 7 7 4 6 6 7 4 7 6 5 4 6 5 4.83333333333333 5.22222222222222 5.58333333333333 5.875 3.15 1 2
7 6 3 6 6 6 7 6 7 3 6 6 5 2 7 7 4.94444444444444 5.11111111111111 6.41666666666667 6.25 5.15 1 1
7 6 6 6 6 4 6 6 5 6 5 4 6 6 7 7 5.94444444444444 6.22222222222222 5.75 -77 3.55 3 1
4 1 2 2 6 2 3 3 2 1 2 7 1 2 7 7 4.44444444444444 4.55555555555556 5.25 6.25 2.85 3 1
5 6 5 6 5 5 6 6 6 6 6 5 5 5 6 6 4.33333333333333 4.11111111111111 5.08333333333333 5.375 3.8 3 2
7 6 4 7 7 6 7 7 7 7 7 7 6 1 7 7 5.16666666666667 6 5.33333333333333 6 2.45 2 2
5 6 5 5 7 6 6 6 6 6 6 6 5 5 6 6 4.55555555555556 5.55555555555556 5.66666666666667 5.625 2.85 3 2
5 4 5 6 5 3 6 6 7 7 4 7 5 4 7 7 5.38888888888889 4.44444444444444 6 5.25 3.75 3 1
6 5 6 6 6 3 6 6 5 6 6 6 6 4 6 5 4.88888888888889 5.44444444444444 6.25 -77 3.3 3 1
6 6 6 7 7 4 5 6 6 6 6 6 5 5 6 6 5.38888888888889 6.33333333333333 5.41666666666667 6.625 4 2 1
7 7 6 7 6 4 5 5 7 7 6 7 2 1 6 7 5.5 5.22222222222222 5.58333333333333 6.5 3.75 2 1
6 4 5 6 6 7 6 6 7 7 7 6 3 3 7 7 5.22222222222222 4 5.5 6.75 3.45 1 1
5 3 7 7 6 2 6 5 6 6 4 5 3 3 7 4 4.16666666666667 4.22222222222222 6 5.75 3.35 1 1
6 6 5 7 7 6 6 7 7 7 7 7 6 6 7 7 6.05555555555556 6.44444444444444 6.25 6.25 4 3 1
1 2 5 5 5 4 3 2 7 4 4 5 2 2 4 3 4.38888888888889 5.22222222222222 4.81818181818182 4.125 3.75 1 2
7 4 5 7 7 5 6 7 7 4 6 6 4 4 7 6 4.66666666666667 6.66666666666667 5.66666666666667 6.875 4.25 1 1
5 4 3 4 5 6 5 3 4 5 4 3 4 3 5 5 5.5 5.22222222222222 5.5 6 4.6 2 1
5 3 4 4 5 3 3 4 4 3 4 3 3 3 4 4 3.72222222222222 3.55555555555556 4.58333333333333 5.125 2.55 -77 2
5 2 2 4 5 5 4 4 6 5 5 5 3 3 6 6 4.77777777777778 3.55555555555556 5 6.375 3.55 3 1
6 4 3 7 7 4 6 5 7 6 6 6 5 4 7 6 5.55555555555556 5.22222222222222 5.41666666666667 6.125 4.8 1 2
5 5 5 7 5 4 7 6 7 3 3 2 5 4 7 7 4.77777777777778 6.22222222222222 5.5 6.25 3.65 3 2
5 5 6 6 7 6 5 5 7 4 5 5 5 6 5 4 5.5 6.44444444444444 5.5 6.375 3.45 3 1
5 1 2 6 6 5 5 5 6 5 5 6 4 4 7 7 5 4.33333333333333 5.25 5.375 3.75 1 1
2 4 2 6 6 6 6 2 5 6 2 6 2 2 6 3 5 5.44444444444444 4.91666666666667 6.125 4.35 1 1
5 3 3 5 7 3 5 5 7 5 5 6 3 2 6 6 4.72222222222222 6.33333333333333 4.83333333333333 6.125 3.85 3 1
6 6 6 6 6 5 6 6 7 2 6 6 6 6 6 6 5.22222222222222 5.77777777777778 5.66666666666667 5.75 4.05 2 1
6 2 2 4 6 3 3 3 4 5 2 4 2 1 5 2 4.5 4.88888888888889 5.08333333333333 6 3.2 2 2
6 2 2 4 6 4 5 5 5 6 5 5 2 3 5 5 4.55555555555556 4 5.5 4.25 3.45 2 1
7 4 3 5 5 4 5 5 4 5 7 7 6 4 4 3 4.72222222222222 6.22222222222222 6.16666666666667 -77 3.65 3 1
4 3 3 6 3 7 5 5 7 7 6 7 2 1 7 7 2.61111111111111 5.44444444444444 5.58333333333333 5.25 2.3 2 2
4 3 2 5 6 5 4 5 5 5 4 4 3 3 6 5 4.83333333333333 4.33333333333333 5.25 6 3.7 2 2
5 5 3 5 6 4 6 5 6 5 6 6 3 3 6 5 3.94444444444444 5.44444444444444 5.25 6.25 3.85 2 1
6 7 4 6 7 6 6 4 7 6 5 7 3 3 7 7 4.27777777777778 5.55555555555556 5.25 6.25 3.7 2 2
5 6 3 7 7 5 6 5 6 6 6 5 5 5 7 6 4.94444444444444 6.11111111111111 5.5 6 4.3 3 2
2 2 2 3 2 7 6 1 7 2 7 7 2 2 6 2 4.94444444444444 5.88888888888889 5.25 6 3.6 2 1
6 5 3 6 5 4 6 6 6 3 6 5 5 4 5 6 5.22222222222222 5.33333333333333 5.41666666666667 6.25 4.45 3 1
5 6 5 6 5 4 6 4 6 4 6 6 5 4 7 7 4.88888888888889 4.77777777777778 5.16666666666667 5.375 3.75 3 1
6 4 3 6 6 4 4 6 6 6 4 6 4 4 6 6 3.66666666666667 5.55555555555556 4.91666666666667 6.875 3.25 3 1
4 5 5 6 5 2 6 6 6 5 4 5 5 3 4 6 4.77777777777778 5.22222222222222 5.16666666666667 5.875 3.6 3 1
6 6 6 6 6 2 7 7 7 1 7 7 2 1 7 6 6.16666666666667 5.77777777777778 6 6.75 3.5 3 1
4 5 5 5 4 3 4 4 4 5 5 6 4 3 5 3 4.77777777777778 6.77777777777778 5.66666666666667 6.125 3.65 3 1
5 2 2 6 5 5 3 1 6 6 1 5 2 3 2 5 4.83333333333333 3.88888888888889 4.5 5.875 2.8 3 1
7 1 3 6 5 6 6 6 7 7 7 7 1 1 2 3 3.72222222222222 2.55555555555556 5.08333333333333 6.5 3.15 2 1
7 7 6 7 7 6 7 7 7 7 4 7 7 7 6 6 6.05555555555556 5.55555555555556 6 6.5 4.55 2 1
7 1 3 7 6 4 4 2 7 7 4 7 7 4 6 6 5.05555555555556 6.44444444444444 5.25 6.625 4.4 2 2
7 6 5 6 7 2 6 5 6 6 5 5 6 2 6 6 5.11111111111111 5.55555555555556 5.5 6.625 4.1 1 2
5 6 5 6 6 6 7 5 7 6 6 7 6 2 6 6 4.88888888888889 5.77777777777778 5.91666666666667 5.75 3.25 2 1
4 1 4 2 6 2 4 4 1 4 7 4 2 2 7 6 4 5.11111111111111 5.25 6.625 3.95 2 2
6 5 5 6 5 6 5 6 7 3 3 2 5 5 1 7 5.11111111111111 5.11111111111111 5.58333333333333 6.375 3.5 -77 1
6 5 1 2 7 5 6 3 1 6 4 7 5 3 6 7 5.61111111111111 5.22222222222222 5.33333333333333 6.5 2.45 3 2
6 6 5 6 6 4 6 6 7 7 7 7 5 4 5 5 6 6.44444444444444 5.75 7 3.95 3 1
5 6 5 4 5 7 7 6 7 5 7 6 2 2 6 7 4.83333333333333 3.22222222222222 6.16666666666667 6.125 3.1 3 1
7 7 3 7 7 2 2 6 7 7 7 7 5 1 4 4 6.05555555555556 6.55555555555556 5.91666666666667 6.625 4.2 2 1
6 5 6 4 4 4 4 4 5 6 6 6 3 4 6 6 4.61111111111111 6.77777777777778 5.33333333333333 6.25 4.9 3 1
6 4 6 7 7 7 6 5 7 3 6 6 3 4 7 6 5.88888888888889 5.77777777777778 5.58333333333333 6.875 3.7 2 1
6 4 3 5 4 3 4 5 5 5 5 6 5 3 3 4 4.72222222222222 3.88888888888889 5.91666666666667 5.5 3.4 3 1
6 4 4 6 7 4 6 7 7 3 7 6 2 2 6 7 5.44444444444444 5.33333333333333 6 4.875 3.9 3 1
7 7 3 2 5 2 5 1 1 5 2 6 2 3 4 6 5.05555555555556 4.22222222222222 5.41666666666667 6.625 2.9 1 2
3 6 4 6 6 4 6 6 6 6 4 5 3 4 6 5 3.94444444444444 3.66666666666667 5.41666666666667 4.5 2.9 1 2
5 3 3 5 7 5 7 7 7 7 6 7 3 2 7 6 4.5 5.44444444444444 6.5 6.25 3.85 2 1
5 4 5 6 6 4 5 5 6 4 5 6 3 4 5 5 3.61111111111111 6.22222222222222 4.83333333333333 6 4.2 2 1
6 6 3 6 6 6 6 4 7 3 6 4 4 4 6 6 4.38888888888889 6.22222222222222 5.33333333333333 5.5 2.95 2 2
5 5 4 6 6 5 6 5 7 5 6 7 5 4 6 6 5.27777777777778 6 5.33333333333333 5.625 3.8 2 1
6 5 7 7 7 7 6 7 7 7 6 4 6 6 7 7 5.72222222222222 7 6.25 6.625 3.7 1 1
7 7 6 7 7 4 7 7 7 6 1 7 6 7 7 7 6.38888888888889 6.11111111111111 6.41666666666667 5.375 4.4 3 2
5 4 4 5 5 6 5 5 5 5 5 6 4 3 4 3 4.44444444444444 5.55555555555556 6.08333333333333 -77 3.25 3 1
6 7 5 5 5 5 6 5 4 3 5 3 5 5 7 4 4.22222222222222 5.66666666666667 4.75 6.5 3.5 1 2
6 4 2 5 4 5 6 6 6 5 6 7 5 4 6 6 5.33333333333333 4.77777777777778 5.16666666666667 5.375 3.35 2 2
6 4 4 7 7 4 6 6 6 6 6 6 5 6 6 6 5.38888888888889 5.22222222222222 5.83333333333333 -77 3.05 3 1
6 6 3 6 7 3 5 5 6 6 5 7 6 5 7 3 5.55555555555556 5.66666666666667 5.91666666666667 6 2.45 2 1
5 5 5 6 6 6 6 6 6 5 6 6 5 5 6 6 4.94444444444444 5 5.41666666666667 5.125 4.25 2 1
5 5 5 5 7 5 7 7 7 1 7 7 3 5 7 5 5.55555555555556 6.11111111111111 6.25 6.5 4 2 1
5 7 6 7 7 6 7 6 6 3 7 7 5 6 7 7 5.55555555555556 3.88888888888889 5.58333333333333 5.375 3.45 1 2
7 7 4 4 7 2 6 4 7 7 4 6 5 4 7 3 4.77777777777778 4 5.5 6.375 2.6 2 2
6 2 5 7 6 7 6 3 4 5 7 6 6 4 6 5 4.88888888888889 5.88888888888889 5.66666666666667 -77 4.15 3 1
6 4 6 5 6 3 6 7 7 7 7 7 3 4 6 7 4.77777777777778 6.77777777777778 6.08333333333333 5.875 3.2 3 2
5 4 3 3 6 4 6 6 6 3 6 4 4 4 4 3 4.83333333333333 6 5.66666666666667 6.5 3.3 3 1
5 6 5 3 5 2 3 2 3 2 2 3 2 2 6 6 4.72222222222222 5.66666666666667 5.41666666666667 5.125 2.35 3 2
6 5 3 4 6 4 5 5 5 4 6 4 4 4 5 6 4.88888888888889 5.22222222222222 4.91666666666667 5.625 2.9 2 1
7 7 7 7 7 7 6 6 7 7 6 6 6 7 7 7 5.94444444444444 7 6.75 7 3.55 1 1
5 4 3 3 7 1 2 3 6 2 3 3 4 3 6 6 3.77777777777778 4.11111111111111 4.58333333333333 3.25 3.15 2 2
4 5 3 4 5 5 5 5 6 3 5 6 4 4 7 7 4.5 2.66666666666667 5.66666666666667 6 1.85 3 1
6 4 4 7 7 3 7 5 7 6 6 7 6 5 5 4 4.88888888888889 3.44444444444444 6.08333333333333 5.875 4.55 2 2
7 7 7 7 7 6 7 7 7 7 7 7 6 7 7 7 5.38888888888889 7 6.25 3.5 4.85 2 1
6 5 6 6 4 6 7 6 7 3 7 6 6 2 7 7 4.61111111111111 2.66666666666667 5.5 4.75 3.25 2 2
5 6 3 6 7 7 3 1 7 4 3 6 2 2 5 6 2.5 6.33333333333333 5.66666666666667 6.5 5.35 2 2
7 7 6 7 6 5 5 6 7 7 7 7 5 6 7 7 5.88888888888889 4.55555555555556 6.41666666666667 6.5 4.1 2 1
7 7 6 7 7 6 7 6 7 1 7 7 6 6 7 7 5.27777777777778 5.88888888888889 6.75 6.625 2.8 2 1
6 4 5 5 7 6 6 2 6 3 2 6 2 2 5 5 4.61111111111111 6.22222222222222 5.5 5.875 3.55 2 1
7 7 7 6 7 6 7 6 7 2 7 6 7 7 7 7 4.55555555555556 3.88888888888889 5.91666666666667 7 3.2 2 1
7 7 3 5 7 4 4 5 7 6 4 4 7 5 7 7 4.27777777777778 6.44444444444444 5.5 6.375 3.2 2 2
6 7 7 7 7 7 7 7 6 6 6 7 3 4 7 7 5.55555555555556 6.77777777777778 5.83333333333333 6.75 4.95 1 1
5 2 5 5 4 5 5 6 6 3 6 6 5 2 7 7 5.44444444444444 5 5.41666666666667 5.375 3.75 3 1
6 6 6 2 7 5 7 6 7 7 6 7 5 4 7 7 5.88888888888889 4.33333333333333 4.83333333333333 6.75 4 3 1
6 6 4 4 5 4 6 4 7 7 7 4 2 4 6 6 5.11111111111111 5.88888888888889 5.33333333333333 6 4.3 2 2
6 2 4 7 6 6 5 6 7 6 7 7 6 6 6 7 5.11111111111111 5.77777777777778 5.25 6 3.95 3 2
6 4 5 7 5 4 7 6 7 7 2 7 6 5 7 6 6 6 5.83333333333333 6.25 4.85 3 2
7 4 6 4 7 1 7 7 5 6 7 4 6 6 7 7 6 6.55555555555556 6 6.875 4.1 2 2
6 5 4 6 6 4 3 4 6 5 4 6 4 3 5 5 4.61111111111111 4.77777777777778 5.41666666666667 5.125 4.4 3 1
6 6 5 7 5 6 6 7 7 7 6 6 6 6 7 7 5.05555555555556 6.33333333333333 6.66666666666667 6.5 4.35 2 1
4 2 2 5 3 5 3 4 4 4 7 7 2 2 7 7 4.11111111111111 4.66666666666667 6.25 5.375 3.5 2 1
6 5 4 5 6 5 5 4 6 5 5 6 4 4 6 6 4.72222222222222 6.11111111111111 5.66666666666667 5.75 3.55 3 2
5 5 2 4 6 3 6 1 6 3 7 7 2 1 6 6 4.94444444444444 4.22222222222222 5.75 6.75 3.2 3 1
5 5 3 5 5 2 5 2 4 5 4 3 3 3 5 6 3.83333333333333 5.44444444444444 5.66666666666667 5.25 3.35 2 1
7 7 7 7 7 4 7 7 7 7 7 7 5 5 5 5 6.11111111111111 5.88888888888889 6.08333333333333 6.875 3.6 3 1
6 6 6 6 6 4 7 4 7 7 7 7 6 6 7 7 5.05555555555556 6 5.16666666666667 5.875 3.4 3 2
6 6 6 6 6 6 6 6 6 6 3 4 6 6 4 5 5.94444444444444 4.66666666666667 5.58333333333333 -77 3.1 3 2
7 5 5 7 6 5 7 7 7 7 7 7 5 5 7 5 5.38888888888889 5.44444444444444 6.5 5.75 4.35 3 1
6 6 6 7 6 7 7 7 7 6 7 7 5 6 7 3 6.05555555555556 5.77777777777778 6.16666666666667 6.5 4.1 3 2
6 4 5 7 6 7 7 7 7 6 7 7 5 4 7 6 5.16666666666667 5.66666666666667 6.16666666666667 6.125 4.1 2 2
6 6 4 6 6 3 6 6 6 6 6 6 4 5 5 5 4.77777777777778 4.55555555555556 5.58333333333333 -77 3.15 3 1
5 4 5 7 5 2 7 6 7 6 7 7 4 4 6 5 5.5 4 5.91666666666667 5.875 3.55 2 1
6 6 5 6 7 3 6 6 7 7 7 1 6 5 7 7 6.05555555555556 3.88888888888889 6.41666666666667 5.875 2.9 3 2
7 6 6 6 7 5 7 6 7 7 7 7 6 6 7 6 5.22222222222222 5.44444444444444 5 6.5 4.3 3 2
7 7 6 7 7 2 5 7 6 6 6 7 6 5 7 6 5.11111111111111 6.44444444444444 6 6.375 3.05 2 2
6 5 4 6 6 2 5 5 7 4 6 6 5 5 6 6 5.16666666666667 3.88888888888889 5.75 5.875 3.25 2 2
